X,Y
-52661.22829,2993417.827
-54411.22211,2992714.054
-55541.04557,2988815.308
-56038.66173,2982851.311
-57380.62438,2979363.571
-60894.2608,2976203.116
-62459.12689,2971994.346
-60165.12628,2973004.16
-54210.35806,2980775.846
-49749.28834,2980733.987
-45842.55396,2979769.767
-44410.88967,2981299.86
-77630.12343,2663441.387
-78257.6952,2660419.867
-84791.17018,2655631.696
-236571.2752,2909997.212
-226528.0516,2927335.487
10037.01052,3055653.003
8694.853469,3053673.327
8967.689116,3049981.551
5374.979223,3039881.237
3846.374432,3036209.343
-7399.767126,3028656.317
-9330.637533,3021019.852
-9616.735028,3010201.736
-8975.238014,3009269.307
-7631.046614,3011872.774
-4631.313602,3027544.939
-3315.018241,3027990.409
862.3352986,3022395.627
-3315.018241,3027990.409
-826.1868184,3030267.949
6453.86419,3035252.503
11434.25749,3050409.936
10037.01052,3055653.003
-8975.238014,3009269.307
-31174.54625,2999347.098
-41805.32546,2998686.022
-48040.2484,2996433.645
-50501.008,2995531.592
-48040.2484,2996433.645
-48261.66199,2987409.47
-44399.36618,2982329.096
-44410.88967,2981299.86
-55807.96056,3004961.817
-57660.05694,2994492.11
-66148.98255,2995183.246
-52661.22829,2993417.827
-53799.1827,2988799.285
-53857.87128,2983242.973
-46043.04131,2981315.882
-44410.88967,2981299.86
-44885.99862,2987479.552
-52493.88478,2988684.264
-57490.03106,2989861.818
-60073.80259,2992765.18
-61837.83887,2994832.839
-62600.07619,3001527.543
-64284.56218,3007502.978
-66100.53809,3011319.793
-67390.05067,3013282.293
-70756.00602,3014850.646
-72058.00091,3015580.075
-72058.00091,3015580.075
-70084.06702,3016693.681
-67145.04124,3016053.232
-65741.23257,3014603.647
-64119.60496,3013151.925
-63054.75799,3010574.694
-62312.16092,3008513.477
-61580.1188,3005424.378
-61165.94704,3003262.461
-60551.68302,2999350.772
-60255.1022,2996366.337
-60065.17039,2994688.404
-58114.73121,2992644.867
-50836.52831,2990932.024
-45194.20665,2989128.809
-42586.04243,2988691.47
-42066.27796,2986525.491
-42313.16168,2983955.184
-44264.01975,2984694.99
-44885.99862,2987479.552
-62459.12689,2971994.346
-62180.12683,2967253.04
-61995.59128,2963953.917
-62294.85723,2969203.297
-59999.72995,2967852.019
-57746.39103,2964946.661
-54618.12044,2962650.755
-72058.00091,3015580.075
-82718.87312,3015713.597
-107683.0248,3002007.599
-104968.7606,3000416.692
-100709.0784,3001965.71
-79035.22964,3012912.993
-72058.00091,3015580.075
-107683.0248,3002007.599
-110561.1393,2995341.196
-112676.5491,2988358.451
-113671.0535,2986100.242
-117630.783,2980315.759
-119504.8908,2977958.015
-118635.149,2975420.896
-117773.2636,2974077.741
-115840.9379,2970050.717
-115417.7739,2968194.136
-116590.0587,2954594.727
-116494.9678,2952428.539
-115856.3229,2950362.304
-116893.94,2923110.961
-117783.1221,2919498.242
-118126.4246,2916502.099
-125207.7079,2909505.305
-128042.6792,2905897.802
-126855.2098,2905271.554
-125659.8066,2906093.661
-116180.8425,2915768.135
-115267.5009,2923205.645
-114708.5884,2925889.242
-113795.1641,2950041.768
-114758.6485,2952213.023
-114846.2688,2955513.515
-114176.6818,2958293.724
-113236.0512,2969315.61
-116780.2218,2976338.054
-116661.7564,2977881.875
-115852.1317,2979874.959
-111168.1734,2985983.587
-107825.3872,2997176.547
-105348.1362,2999994.364
-44410.88967,2981299.86
-41593.89315,2977822.947
-33629.83449,2970531.564
-27943.18428,2964288.133
-25708.26253,2960449.802
-22827.95448,2956190.399
-21235.35285,2953284.786
-19443.43103,2949035.027
-17870.95192,2944683.178
-15774.40749,2938981.684
-14735.55322,2935458.917
-19967.75841,2916507.681
-20089.24712,2915475.099
-19791.95503,2913300.065
-19307.22716,2908846.84
-19020.76123,2905843.201
-18851.90243,2902115.86
-18151.4372,2897656.697
-17874.72422,2893926.009
-16128.49165,2886758.521
-16396.92475,2882720.595
-16396.92475,2882720.595
-18244.91909,2881913.266
-26027.70619,2881898.802
-46376.91714,2876528.248
-57332.01624,2864693.519
-126855.2098,2905271.554
-123456.0644,2903341.155
-120787.1256,2901620.428
-118108.4749,2901606.698
-116057.6756,2901143.32
-110955.7214,2896531.369
-126855.2098,2905271.554
-126058.5673,2902499.868
-121612.3795,2899295.821
-118205.601,2898967.925
-112551.0876,2894822.301
-126855.2098,2905271.554
-129465.1118,2903058.777
-137279.4173,2898667.33
-139809.4623,2895571.515
-143316.2751,2891468.491
-144138.3902,2888908.051
-126058.5673,2902499.868
-133057.3644,2899038.139
-130801.0586,2895922.79
-130404.6608,2894135.024
-132270.2721,2894220.82
-134931.9948,2897415.633
-140799.5672,2891925.275
-143329.3804,2888439.052
-144138.3902,2888908.051
-155789.3346,2896944.134
-147962.9596,2905924.173
-138557.9972,2902941.578
-139865.7543,2901006.207
-143371.1727,2897525.792
-144352.5909,2895743.465
-145663.4755,2892719.419
-145834.7663,2890545.242
-145273.1748,2889067.391
-144138.3902,2888908.051
-144382.3585,2888753.542
-144138.3902,2888908.051
-144454.8793,2890773.478
-143062.4588,2893875.187
-141998.1551,2896045.594
-136616.7692,2901459.225
-138557.9972,2902941.578
-145273.1748,2889067.391
-149785.3239,2884187.493
-152723.5267,2878911.382
-154525.6123,2873551.851
-156240.3192,2869667.929
-156817.0288,2866791.175
-156907.186,2864068.152
-156992.3368,2862823.294
-157803.7362,2862280.722
-158453.1679,2861737.663
-160072.7397,2861586.181
-161610.3788,2861745.639
-165897.5271,2863000.605
-170754.8335,2863165.891
-172135.1899,2861456.236
-172789.2205,2858655.287
-173038.7347,2855697.389
-173256.3277,2848883.581
-175687.7002,2846550.452
-177915.7805,2844411.093
-181694.1301,2842674.532
-182415.956,2841326.355
-181161.0677,2837985.618
-183400.1579,2827265.88
-185235.8331,2814000.391
-249407.2437,3014875.723
-253177.7064,2999065.477
-266863.4409,2981266.926
-266692.4802,2972387.599
-248065.0801,2971428.624
-243570.323,2967708.325
-230919.5247,2959882.57
-266692.4802,2972387.599
-268867.0966,2972249.127
-269042.5264,2981900.421
-255088.0084,3000215.075
-251998.0623,3014995.319
-249407.2437,3014875.723
-268867.0966,2972249.127
-269579.781,2967069.738
-271733.8022,2962319.748
-276158.0396,2955391.614
-277552.3246,2951569.09
-274846.0801,2953542.091
-270098.8178,2961193.707
-267307.3762,2969758.434
-268867.0966,2972249.127
-194132.9467,2964245.133
-224016.9096,2957524.591
-226590.3785,2930278.053
-213030.6771,2918620.884
-213463.2613,2916449.596
-228323.4949,2928828.742
-226297.8208,2959253.337
-230919.5247,2959882.57
-228323.4949,2928828.742
-229752.478,2927241.974
-232307.0971,2898903.477
-234962.469,2872480.068
-245963.2605,2865916.396
-226528.0516,2927335.487
-229923.8392,2897252.316
-232152.6772,2871760.554
-238729.0457,2865936.833
-234179.8261,2858269.461
-234015.7913,2828451.974
-233903.5633,2826060.039
-233683.5024,2823563.926
-233141.146,2821380.258
-232384.053,2819404.842
-231519.9003,2817637.505
-230549.7408,2816702.808
-229578.3576,2814935.255
-227639.3736,2813481.573
-224193.2138,2810884.716
-220856.1354,2808598.889
-213647.8629,2804753.674
-206443.3182,2800591.451
-205583.3353,2799445.616
-245963.2605,2865916.396
-245419.5813,2864465.673
-241317.4836,2864685.025
-236552.1026,2857329.698
-236278.3365,2828862.651
-235946.9867,2824807.016
-234860.8561,2820023.642
-233779.345,2817320.339
-232482.0771,2814096.438
-230650.3213,2812538.711
-228604.1286,2811189.257
-225589.529,2809320.437
-220099.864,2805162.918
-207840.573,2799444.525
-205583.3353,2799445.616
-207840.573,2799444.525
-212992.4797,2785157.844
-205583.3353,2799445.616
-207409.9131,2794442.074
-209771.8766,2788080.633
-211059.9021,2785993.86
-212992.4797,2785157.844
-206773.2554,2796186.679
-205797.9378,2789229.907
-204616.499,2786101.716
-203005.2829,2788605.148
-204293.626,2797466.06
-205583.3353,2799445.616
-205583.3353,2799445.616
-198487.5212,2802989.436
-198487.5212,2802989.436
-196872.1662,2807572.5
-189300.6636,2810002.918
-185235.8331,2814000.391
-82992.60415,2654249.792
-77846.77269,2658628.145
-77630.12343,2663441.387
-22688.5267,2716162.209
-22422.04192,2705150.587
-444683.9137,3118386.384
-436908.178,3112544.226
-341721.4087,3076333.13
-342842.876,3064046.478
-338311.7231,3062168.674
-321843.7405,3055204.95
-298317.3148,3047193.802
-298453.109,3043343.16
-293260.7897,3039555.639
-290333.4485,3031017.032
-281501.5963,3025295.696
-265111.6696,3020756.348
-265382.734,3026101.872
-265111.6696,3020756.348
-251998.0623,3014995.319
-251416.0132,3025043.042
-254500.4001,3029841.703
-249407.2437,3014875.723
-241351.1166,3007939.513
-239305.0424,3006981.852
-234192.1652,3005260.617
-228263.3455,3003731.803
-225197.0264,3002773.961
-221725.3695,3005284.632
-218456.342,3006830.6
-217026.5686,3008758.842
-215801.4363,3012034.636
-215598.3049,3015308.478
-215601.0852,3022238.416
-327041.2555,3012666.107
-327369.4412,3022682.145
-324512.3319,3029238.657
-323744.1726,3035783.464
-325581.1161,3042639.686
-324463.3817,3049230.311
-321843.7405,3055204.95
-335255.45,2945427.431
-327337.3421,2948009.983
-328738.689,2945096.666
-329320.6703,2941609.085
-329708.4903,2939283.561
-328672.1501,2936969.697
-327442.1406,2935818.545
-316457.6302,2935906.112
-310761.9426,2935948.453
-307312.9726,2937328.071
-301214.769,2938143.953
-295928.5943,2938758.762
-292070.6569,2940137.302
-285980.7324,2942882.023
-282526.8843,2944062.049
-280912.025,2946779.128
-278482.1445,2949499.772
-275625.5068,2948160.382
-274177.0189,2942944.231
-275433.3841,2950675.601
-267687.2762,2945276.876
-277790.3331,2975589.669
-268867.0966,2972249.127
-264704.9947,2967347.213
-262650.8906,2963105.517
-257717.199,2950366.765
-241063.6709,2917593.166
-229995.1637,2929856.623
-238630.6461,2910819.404
-229752.478,2927241.974
-222031.0631,2955910.813
-198472.8177,2963273.269
-189651.428,2961390.316
-177811.9679,2958596.156
-171742.9407,2952400.343
-171457.8665,2936095.878
-172118.0929,2932276.382
-173645.3917,2928457.282
-176694.9519,2922055.861
-179735.1528,2919165.9
-184620.293,2913484.886
-184729.094,2913174.766
-36465.1172,3128414.01
-42850.77816,3110887.541
-41563.41141,3097668.426
-41236.69394,3090386.966
-41236.69394,3090386.966
-36155.44514,3085545.456
-20755.27324,3073007.216
-14492.62693,3066386.896
-10207.46325,3059579.956
8694.853469,3053673.327
30581.3638,3058323.258
43887.56886,3068566.154
39765.43419,3102769.009
43887.56886,3068566.154
48068.19813,3035614.389
58541.88033,2999092.086
-57779.05805,3024658.363
-56166.12443,3018540.525
-52355.37126,3012634.208
-51373.21788,3008901.003
-46462.87372,3003137.829
-39547.88719,3000306.536
-31615.14077,2997396.512
-26730.9613,2995929.706
-26730.9613,2995929.706
-35357.27388,2997628.774
-39510.25036,2997671.518
-47232.60079,2995112.978
-26730.9613,2995929.706
-17712.46617,2992086.817
-13321.0452,2990646.651
1027.313933,2988831.502
-4392.458271,2998406.286
-8975.238014,3009269.307
-501.7732304,2989025.601
2030.661306,2979110.453
1657.341718,2964436.448
-2064.812196,2954818.819
1058.25998,2942575.798
1006.370705,2930163.073
940.4838947,2919778.536
-4365.330726,2906349.703
4010.574704,2907173.347
17598.39409,2898217.987
-4365.330726,2906349.703
-4322.688646,2897655.347
-5263.114782,2894172.664
-10530.27287,2882505.863
-10032.83688,2883608.95
-14843.75931,2887453.794
-19729.91394,2892250.13
-20495.83856,2895831.547
-22504.15972,2903928.461
-23332.20485,2909136.962
-23216.08113,2911928.427
-22476.69064,2919054.738
-21573.97567,2926175.713
-19954.14276,2932045.587
-18682.37895,2936058.486
-20984.32894,2947000.417
-22241.0196,2950651.393
-24075.30963,2953766.405
-26236.25866,2956884.153
-28086.39251,2958837.731
-29605.40406,2961251.102
-31035.00684,2964358.622
-32240.08905,2965840.038
-34825.93161,2967799.436
-38466.26129,2970309.84
-40231.06411,2972877.277
-43618.43368,2976309.807
-203512.8347,2695294.323
-196788.3724,2695609.197
-192304.7059,2696551.984
-186538.2258,2698593.965
-181570.7348,2700791.827
-177081.4937,2703460.455
-173554.4832,2704870.568
-166985.7407,2705015
-114485.3641,2977152.195
-111471.4525,2972295.664
-111152.0448,2971263.877
-111068.6168,2967451.769
-110897.7546,2960443.054
-112242.1564,2954264.47
-112390.4628,2948179.777
-112529.2316,2943537.359
-111805.283,2938062.814
-110859.4913,2933411.12
-110137.9923,2927726.118
-109323.348,2923481.899
-114188.9394,2921548.855
-112923.0306,2916166.605
-115456.1152,2909561.98
-118187.0947,2905645.33
-120464.1739,2905036.217
-126855.2098,2905271.554
-147411.195,2907218.137
-141280.09,2922292.771
-146522.4391,2887716.926
-151505.7443,2883832.806
-154770.3752,2877727.946
-156842.3985,2872135.177
-158807.202,2865813.575
-170357.839,2866669.201
-158807.202,2865813.575
-159695.0092,2858240.846
-171515.7936,2833543.019
-241544.2866,2869439.943
-237844.1979,2873383.279
-236677.4411,2877329.59
-236791.788,2880438.669
-237881.4695,2884684.341
-238318.2996,2886755.172
-195833.3896,2875924.616
-199942.0247,2869599.776
-204047.3477,2861818.491
-207501.1033,2856004.884
-210412.473,2848942.413
-210519.1632,2844891.364
-210194.5322,2840527.78
-209870.6756,2838553.477
-209545.8672,2832212.624
-210406.6769,2828884.459
-213850.9533,2824825.073
-214279.8593,2821703.542
-213201.8468,2818686.863
-205345.272,2805885.926
-205583.3353,2799445.616
-204293.626,2797466.06
-200616.268,2798177.226
-198037.4634,2796822.377
-196104.5896,2794320.504
-194494.2044,2792443.608
-193207.5863,2789210.887
-192780.717,2785873.446
-193106.0789,2781909.608
-193752.6097,2778779.66
-196974.9591,2774605.899
-199229.3953,2771996.368
-201161.0194,2770221.399
-204164.8095,2768341.264
-208883.7842,2766354.911
-214781.2831,2764679.057
-248661.4578,2798827.147
-240942.796,2807288.537
-239119.9499,2809688.615
-238160.1263,2813439.35
-237420.1565,2819582.151
-236064.827,2826249.7
-236337.1506,2834981.302
-238439.7217,2842767.228
-240613.6507,2850448.02
-242139.7489,2857088.39
-244312.7769,2862893.686
-277056.0292,2824842.173
-277738.422,2832326.506
-282503.2308,2837083.238
-279389.4005,2839386.301
-274922.8871,2852393.5
-284131.7558,2839360.748
-278073.4195,2856945.428
-257104.92,2860986.956
-248420.7966,2864956.01
-281977.7391,2839684.297
-276228.6742,2854774.891
-256927.8677,2858389.036
-247335.9849,2863091.977
-112794.8123,2856343.43
-112878.9346,2843050.232
-117894.1843,2833619.351
-122774.8602,2827820.996
-124335.0815,2837810.257
-121649.8373,2829158.292
-112878.9346,2843050.232
-100029.9863,2845881.823
-89034.14558,2845599.259
-85128.92349,2848479.37
-81110.7983,2851772.461
-79039.96529,2854248.504
-77719.18829,2857248.831
-76821.35598,2861185.84
-76237.74914,2866161.733
-76494.87415,2873735.123
-115365.4187,2838377.017
-105795.9563,2838332.43
-117894.1843,2833619.351
-112201.6069,2830884.696
-119942.0589,2831187.449
-112539.1919,2828598.669
-121649.8373,2829158.292
-113637.5472,2825172.268
-110517.1565,2824842.451
-106750.2268,2824612.139
-122774.8602,2827820.996
-117730.2255,2824986.494
-110749.8783,2822138.724
-105258.4855,2822314.154
-98250.81077,2823726.243
-81442.38529,2825270.938
-77761.87223,2827530.742
-60302.06686,2839859.406
-58118.03137,2853448.076
-58645.80711,2865389.023
-76494.87415,2873735.123
-335791.6193,2530055.736
-321616.7986,2526569.346
-315508.673,2528315.555
-310477.1949,2531477.854
-308702.1863,2538038.74
-309069.4803,2542788.651
-314675.6366,2613186.557
-310835.6239,2610682.677
-308682.6318,2606476.403
-306314.2216,2601636.575
-304171.0134,2598483.264
-302461.3802,2596593.695
-297155.6197,2595994.999
-287194.9193,2597112.196
-282998.4267,2605372.74
-276125.5452,2615399.732
-265659.6856,2625889.754
-254978.2124,2624746.199
-247088.5096,2624140.122
-243330.3265,2619247.529
-240616.2203,2616881.645
-235746.7404,2611671.092
-232555.3515,2608195.373
-225547.8781,2605754.344
-219100.0954,2603704.9
-265659.6856,2625889.754
-264259.7408,2634116.826
-263958.5354,2638384.942
-259503.5904,2641246.991
-255209.8527,2645054.251
-251071.4494,2648227.195
-248525.6639,2650761.822
-243261.8533,2652198.588
-237360.9945,2654739.859
-231936.2854,2656803.966
-177081.4937,2703460.455
-173254.8269,2694641.392
-171345.1895,2689284.709
-170243.3943,2680934.059
-168989.3601,2669740.307
-169168.3976,2661223.407
-170143.3085,2653650.39
-169989.8543,2650808.465
-167762.8534,2647487.905
-160432.5386,2643679.726
-157395.9366,2645408.815
-150998.692,2649653.015
-149393.6071,2652173.805
-140436.2799,2656402.774
-133536.3774,2663632.057
-133536.3774,2663632.057
-135027.5743,2686967.238
-139779.4417,2698322.756
-160432.5386,2643679.726
-153908.6213,2638289.4
-143710.1588,2636042.004
-132063.5191,2637257.869
-160432.5386,2643679.726
-163319.2271,2637999.508
-164126.3343,2634208.538
-165569.4709,2630892.343
-172589.7335,2627744.787
-176735.6578,2626486.84
-178015.8918,2623167.499
-178498.0923,2620478.992
-178981.5631,2616840.565
-179622.8312,2613992.84
-179944.2934,2611935.601
-182177.5441,2608613.959
-185045.4609,2606083.726
-20785.98409,2718759.728
-20739.17833,2722557.177
-24674.98013,2724704.028
-25759.75375,2729750.011
-27311.13482,2731927.709
-101832.8263,2603073.916
-102137.9465,2628872.048
-98118.13658,2633904.262
-86513.75011,2649935.312
-79134.02288,2654456.162
-75765.19233,2656322.813
-75383.82425,2663578.224
-78232.97394,2685828.521
-77056.95365,2692433.389
-73479.26982,2698857.974
-71060.51819,2700726.041
-66556.06225,2702889.94
-60944.02235,2703468.798
-55826.16759,2702634.233
-44973.40577,2698907.57
-17040.94625,2704260.692
-1691.575282,2702021.946
3372.03649,2697548.037
-2289.162681,2693372.53
-14243.91125,2684862.013
-27875.03974,2682187.608
3372.03649,2697548.037
3760.248841,2690930.259
1450.042137,2674259.377
4219.20599,2643447.837
3930.517739,2622583.785
-15476.70061,2751837.317
-21103.11442,2738724.968
-22670.92745,2728694.022
-22457.55603,2719892.81
6848.069359,2733817.655
13345.83454,2733570.832
18361.07985,2736168.861
23953.80444,2744877.015
26055.1709,2745708.933
43332.2344,2746070.202
47245.69278,2749458.554
50077.40124,2750588.761
56013.94303,2750019.569
62861.70537,2746530.017
67980.09244,2745263.988
71758.84155,2741116.694
74108.44877,2737935.071
75659.00424,2735002.432
77546.25662,2732926.664
79110.57642,2730777.766
80178.12628,2727852.093
82909.60477,2723873.468
53176.39813,2836322.789
54315.1906,2832144.837
54745.99526,2826026.777
61793.74536,2821225.921
70986.26451,2816252.367
78574.33663,2812081.791
83898.66615,2809250.315
87339.45593,2806451.818
90510.20748,2803657.118
93008.05024,2800874.094
96168.57383,2797686.426
99701.06529,2793056.416
103631.302,2788285.831
107846.6369,2784419.888
54517.76324,2829268.978
63732.19485,2831596.356
60488.74776,2786082.165
59828.31745,2779180.645
60765.83964,2771596.073
61631.68174,2767534.38
61528.51607,2761790.287
60737.02338,2755010.413
59327.99162,2751113.768
56013.94303,2750019.569
44015.42274,2748491.006
129675.1763,2758248.302
139945.1896,2743434.124
138026.8021,2736883.815
131300.4764,2730593.108
124531.1866,2722097.604
120269.4649,2717944.098
118267.4089,2714370
117237.8721,2711246.313
120772.1648,2704249.922
110798.9694,2702412.216
102175.548,2711554.127
106819.2101,2711303.551
113996.1918,2709583.66
116815.6528,2706536.003
120772.1648,2704249.922
120772.1648,2704249.922
123244.7575,2700105.527
132285.801,2696131.567
135582.6334,2693224.52
138805.7285,2687167.368
140012.8009,2683989.13
141800.5103,2678275.046
141836.1755,2672913.721
141392.5099,2667561.327
141127.0576,2662991.963
145436.5711,2655949.055
151530.8722,2650281.357
150729.223,2631342.154
149542.1603,2626935.444
154659.7576,2620961.432
158181.2932,2615021.451
164467.3577,2611544.926
168471.775,2606062.113
168878.2704,2603200.525
124339.7276,2662573.746
132712.0572,2665389.073
138433.6571,2663999.444
141127.0576,2662991.963
97841.37049,2632162.633
113976.3477,2618545.641
105346.9041,2601780.668
112471.3165,2600048.979
132016.0827,2620214.134
112471.3165,2600048.979
113844.0927,2589716.831
116167.3829,2586813.292
122406.49,2581286.374
105346.9041,2601780.668
101770.233,2598050.302
87438.98123,2589138.601
90481.23906,2582100.951
79294.68683,2587231.703
87939.54332,2582150.239
90481.23906,2582100.951
90481.23906,2582100.951
92951.06431,2578403.334
97648.86245,2574977.484
98185.42642,2570045.552
99600.22365,2561440.83
105143.9061,2576413.065
106725.2872,2576063.186
100345.3891,2559042.614
102527.8692,2549302.764
107514.8352,2545065.847
109394.5785,2535082.415
112576.1296,2529365.707
123336.3809,2528975.658
131159.2591,2531827.81
112576.1296,2529365.707
119983.3186,2520289.042
123112.8299,2511297.083
124981.4049,2502645.778
125406.9758,2500403.283
90481.23906,2582100.951
70684.53067,2568347.968
65248.99553,2557326.659
55889.38494,2548112.642
55556.62907,2537938.871
46816.72939,2526786.168
41187.19572,2521305.08
38735.16216,2516406.28
38024.00097,2511477.545
38600.63849,2507961.296
35870.66729,2505294.702
36412.38709,2499544.609
39162.14212,2493597.037
40884.71489,2488841.778
63184.08654,2467152.48
35870.66729,2505294.702
28651.33448,2508756.418
26602.47964,2498741.519
26209.59154,2493641.995
-12825.84368,2542778.079
3737.796014,2537150.845
11082.2331,2541184.316
3891.84519,2536830.503
8644.109837,2525462.942
8644.109837,2525462.942
-5187.553816,2520873.983
-21646.58689,2520763.35
-26959.98032,2512860.526
-35724.0684,2506903.828
-44614.44614,2503333.132
-51152.64004,2497499.51
-51152.64004,2497499.51
-63539.08027,2507985.068
-79110.80071,2518001.372
-85242.80615,2522988.006
-86959.54341,2526185.917
-87238.90686,2531122.888
-87831.63887,2536537.929
-86974.57604,2545120.547
-86921.84343,2555417.426
-78304.54926,2558720.669
-71600.89153,2563429.428
-67626.80902,2564188.559
-60000.83225,2565071.389
-51110.68668,2565302.458
-45713.32279,2565406.14
-51324.88371,2431953.325
-32708.13468,2422615.699
44.55110458,2414665.276
14795.31994,2435455.489
24806.29445,2442031.769
7572.595772,2448049.669
24806.29445,2442031.769
-48214.29934,2500122.408
-42198.06294,2492619.568
-21779.38143,2482967.901
-17077.02217,2467252.901
27360.59854,2444394.018
36872.19426,2438478.367
27324.47169,2441992.869
32967.5074,2430210.192
33740.28473,2419136.275
33339.56509,2413528.63
30625.17135,2410683.778
27933.49523,2409281.899
25851.33338,2406585.987
25002.03205,2402264.888
-311737.3387,2544774.245
-309422.0924,2553335.127
-300784.4242,2596404.681
-288573.0757,2615516.376
-281638.6086,2621686.376
-275469.9232,2622707.062
-263721.9094,2623354.258
-231855.3851,2623652.32
-219708.6008,2625847.411
-209351.6468,2628624.371
-201382.1145,2631788.95
-191216.4245,2635342.59
-181246.676,2637901.21
-175062.6711,2640064.671
-160432.5386,2643679.726
-310343.6405,2543857.004
-308790.4285,2548240.477
-298783.7809,2596178.927
-291177.3901,2607190.423
-281295.1054,2619513.027
-264710.253,2621570.569
-247318.6869,2621766.683
-231650.9509,2621016.404
-216121.3309,2624072.348
-197529.8942,2630273.666
-185304.2888,2634349.993
-176928.626,2637104.976
-164161.8159,2640503.191
-161164.8418,2642239.424
-161164.8418,2642239.424
-153811.9729,2634812.199
-127775.3119,2633391.743
-100540.061,2652587.114
-91728.8483,2656735.497
-76764.49478,2663852.39
-77012.98901,2665957.652
-100660.4959,2654429.617
-126928.6222,2633990.348
-153811.9729,2634812.199
-161164.8418,2642239.424
-77012.98901,2665957.652
-85989.40041,2665739.132
-77012.98901,2665957.652
-76938.92798,2677860.983
-83320.92325,2678872.322
-82571.88106,2680007.124
-77775.83303,2679758.925
-77202.7648,2684481.067
-72089.12539,2683808.458
-69249.40714,2679372.272
-74313.8418,2673215.525
-77012.98901,2665957.652
-76758.32048,2686577.763
-71324.93218,2685797.371
-68484.1162,2681466.672
-46839.69849,2691343.783
-38374.61125,2694509.62
-27617.65079,2700114.797
-24888.77762,2706529.593
-75111.26082,2667230.082
-72402.97187,2672358.621
-68082.3831,2678731.74
-34740.2278,2694995.114
-24217.06952,2700228.166
-25285.27056,2705598.099
-83271.18652,2646041.264
-75246.33328,2651451.062
-74077.81442,2663540.934
-82181.82914,2646776.229
-73161.92434,2646380.415
-63436.16648,2639765.434
-26040.30911,2609746.777
-16812.38257,2600767.079
-5286.657289,2598086.079
-5055.141677,2599561.947
-15622.18245,2602653.473
-49159.78581,2632042.098
-64150.2042,2643037.104
-73671.06628,2649016.792
-79201.19829,2648786.236
-20785.98409,2718759.728
18201.69454,2734352.327
28992.00095,2739950.001
61447.27321,2751195.05
63692.54723,2771663.167
62233.80506,2794903.709
62073.17197,2808323.493
51694.13439,2822292.076
-20737.16011,2715130.497
19114.53479,2731892.109
54511.34803,2745939.587
64075.80593,2750639.941
66226.43925,2771606.153
63533.40663,2809509.329
51520.60021,2823920.817
60993.93282,2749126.533
73788.31271,2745761.979
79510.40166,2742519.462
82152.41054,2737918.64
97306.6645,2709186.161
105085.428,2690143.374
115931.992,2665960.412
119234.8302,2656106.42
120318.0891,2654504.673
141127.0576,2662991.963
142134.0111,2661347.339
119787.9648,2652147.534
120100.1503,2629701.22
119773.4864,2621957.072
115559.1206,2611124.829
112471.3165,2600048.979
106543.4249,2598639.761
73676.55603,2576283.377
70119.6401,2572856.41
66042.79209,2566896.511
62598.12724,2560604.284
59206.06379,2557168.302
110966.3511,2597122.059
106007.5749,2595797.97
95368.55832,2588719.383
106767.0621,2578654.274
103412.5055,2577770.786
92785.14925,2586708.665
74764.6893,2574993.662
71196.26173,2570931.84
68032.22759,2567178.417
65375.58852,2560634.411
59882.35441,2555011.118
91123.30711,2574205.672
103412.5055,2577770.786
92104.31704,2572282.755
104258.3725,2576404.588
-77391.7878,2555389.623
-65736.63502,2550719.239
-38401.05829,2549253.925
-20337.83296,2551629.135
-6770.949358,2588964.718
-4012.669222,2602202.015
-3221.371022,2616837.983
-2866.628353,2628500.535
-7042.443884,2659556.888
-12813.29664,2692338.563
-18319.65561,2700079.836
-16698.533,2701633.979
-9997.050861,2693484.339
-9515.959008,2688230.692
-7400.762619,2677895.317
-5545.862261,2667031.628
-3528.371149,2653592.427
-1727.169267,2639156.002
-653.9974809,2630052.573
-792.7703034,2619772.974
-824.7675513,2617399.751
7939.278623,2617676.208
7695.752767,2614514.172
-461.3725386,2614823.031
-1854.405404,2599995.143
-1854.405404,2599995.143
9534.561118,2589735.478
16381.65759,2582302.834
24785.83642,2573252.628
31989.7594,2564210.832
39015.38606,2556950.602
45066.28152,2551090.581
53130.37549,2547378.048
53130.37549,2547378.048
57014.34024,2554266.348
-2881.920258,2597499.896
10062.35264,2584904.675
16210.78667,2579661.23
20121.10439,2575504.677
24807.01241,2570275.853
28447.98338,2566118.506
31940.28944,2561034.753
36099.38064,2556467.539
40115.27772,2551370.179
45743.79566,2548098.445
53207.37969,2544129.966
53207.37969,2544129.966
52079.38599,2539907.445
49229.71779,2535314.875
45466.98339,2531266.14
40378.74262,2526706.229
36484.50734,2522389.645
33519.40647,2518321.705
33072.27938,2515009.351
32913.64707,2513285.469
30055.26772,2515986.137
27731.24189,2519208.552
24243.32336,2524040.194
20638.84426,2530065.116
17675.91545,2535016.427
13668.16103,2540908.526
12585.53728,2539068.159
17998.32618,2529971.588
23396.60177,2520336.676
27794.41038,2514693.289
31962.40878,2511441.034
30911.92408,2494579.543
26360.17139,2480814.798
25282.04554,2443919.03
-46887.43521,2498468.855
-42198.06294,2492619.568
-18090.17787,2481165.927
-15098.29669,2478466.613
-1654.310465,2460843.29
14692.11868,2445566.894
24806.29445,2442031.769
34492.91952,2513127.678
35490.49526,2517892.145
40187.19861,2522993.606
44744.33779,2527430.802
48110.10292,2531487.395
51755.03822,2536333.063
55709.60496,2542618.438
57148.2838,2542869.311
60496.57906,2538829.93
55827.3255,2546216.709
-46370.86252,2501766.944
-19131.67502,2547573.891
-17075.6044,2553642.252
-6639.445143,2583809.022
-4168.928204,2590384.142
-2881.920258,2597499.896
-378997.2661,3663661.715
-367943.197,3614603.517
-394688.6722,3569894.336
-394688.6722,3569894.336
-397117.8119,3567723.035
-404589.8923,3564910.673
-415516.368,3555990.192
-436901.0444,3547277.181
-444112.9829,3538009.745
-449389.2565,3531984.268
-455022.5422,3530780.979
-465900.7883,3530604.749
-471873.414,3532734.614
-484567.1288,3546628.804
-490582.5893,3535504.229
-505147.2747,3542787.524
-504328.294,3544288.204
-491774.0711,3538702.136
-484455.2942,3548239.329
-475098.4351,3539243.014
-470221.002,3535239.457
-464823.3598,3533719.187
-453793.3825,3533401.648
-450147.2831,3535192.694
-439465.8359,3548476.458
-436381.834,3550377.902
-416114.4895,3558331.51
-405334.5362,3567743.303
-396593.6508,3571188.753
-394688.6722,3569894.336
-505147.2747,3542787.524
-507876.1857,3543441.226
-514309.2655,3548118.822
-527548.1617,3550478.902
-528359.5084,3551353.132
-504328.294,3544288.204
-507814.6229,3546016.572
-512591.5899,3549933.722
-527934.3414,3552648.191
-528359.5084,3551353.132
-528359.5084,3551353.132
-528071.9286,3553783.307
-520272.413,3576184.53
-524018.1097,3576307.639
-524610.1256,3577481.209
-524610.1256,3577481.209
-522381.7877,3579402.395
-519212.6017,3579761.427
-515119.7704,3590405.434
-518415.0833,3634388.462
-516260.1761,3634824.043
-512366.6716,3594603.141
-503607.631,3593881.575
-504433.8393,3589721.437
-512256.3847,3589177.797
-525208.0013,3552167.009
-525420.6862,3552204.565
-528359.5084,3551353.132
-527669.5808,3545576.731
-531520.5423,3545696.252
-531242.7849,3543325.742
-527731.8189,3543199.249
-527319.7224,3529239.35
-519698.7524,3516203.988
-519614.8517,3506778.198
-524031.3819,3502122.891
-527966.4347,3501447.472
-548439.3982,3498634.485
-560477.4551,3501945.382
-561569.9489,3500431.327
-526189.2364,3550237.197
-525261.5128,3546107.968
-524999.1707,3529769.385
-517025.9362,3517360.347
-517033.5135,3505451.768
-522002.3472,3500214.653
-547987.7737,3496769.343
-561499.01,3499228.691
-561569.9489,3500431.327
-561569.9489,3500431.327
-560121.7697,3503008.374
-560275.5366,3508899.41
-561196.9375,3510255.93
-562262.7097,3508780.525
-562379.5506,3501257.314
-561569.9489,3500431.327
-562379.5506,3501257.314
-572664.5889,3500967.47
-574940.6608,3473255.095
-577300.7593,3456100.387
-577300.7593,3456100.387
-575760.6659,3455239.804
-573352.1561,3456790.167
-571422.5174,3471022.976
-570835.4354,3481556.56
-569829.5749,3499244.959
-561569.9489,3500431.327
-561499.01,3499228.691
-567426.4985,3497859.591
-568187.2693,3471122.114
-564336.7566,3422239.447
-564336.7566,3422239.447
-563009.1416,3419523.282
-555651.8093,3380935.688
-555651.8093,3380935.688
-537185.158,3380835.232
-537185.158,3380835.232
-533826.9136,3380780.582
-527339.1003,3378285.941
-514033.4043,3377301.248
-512897.2339,3376447.1
-537185.158,3380835.232
-535312.463,3378370.913
-534180.4196,3377768.638
-535506.5013,3374485.193
-534134.3132,3374075.651
-531545.869,3377197.525
-527823.4327,3375771.824
-514137.4408,3375220.624
-512897.2339,3376447.1
-512897.2339,3376447.1
-514033.4043,3377301.248
-505996.5734,3391823.811
-485662.5819,3400303.475
-484971.1195,3399265.743
-484971.1195,3399265.743
-486600.6743,3396535.96
-503266.1609,3389655.569
-511746.8097,3376601.096
-512897.2339,3376447.1
-490582.5893,3535504.229
-482985.3517,3535394.939
-485621.7679,3531186.825
-492841.4665,3506558.409
-482985.3517,3535394.939
-481700.1978,3533138.651
-484108.7061,3528834.987
-491030.5476,3506293.455
-492841.4665,3506558.409
-491030.5476,3506293.455
-485488.2061,3511752.433
-483882.459,3510391.505
-488531.594,3505444.998
-491030.5476,3506293.455
-488531.594,3505444.998
-481158.1806,3497184.261
-461768.9565,3481112.874
-439810.1525,3481755.194
-488531.594,3505444.998
-487569.1086,3504367.681
-482467.6454,3494777.052
-479184.5684,3490959.232
-464408.5059,3477339.821
-459833.1391,3476519.411
-447123.485,3474034.551
-430493.5009,3480251.373
-459833.1391,3476519.411
-459289.26,3477672.173
-439987.6923,3481750.119
-430493.5009,3480251.373
-430737.7492,3477711.597
-446915.2168,3471550.178
-464927.3128,3474744.743
-493143.2803,3503884.777
-492841.4665,3506558.409
-459833.1391,3476519.411
-460115.3668,3473893.48
-460115.3668,3473893.48
-460163.1202,3470170.945
-459055.6255,3441797.284
-459055.6255,3441797.284
-457719.2125,3439551.698
-457549.8037,3412476.301
-482940.8689,3398425.178
-484971.1195,3399265.743
-481541.084,3399201.883
-471619.2916,3395621.201
-469164.6015,3395350.226
-464115.5692,3394809.465
-456628.291,3394931.878
-456628.291,3394931.878
-456006.1318,3392015.357
-449618.5769,3360412.441
-484971.1195,3399265.743
-484866.4887,3392316
-469375.9525,3377318.259
-510839.1074,3378000.27
-498454.2279,3385662.179
-496226.1369,3386204.235
-493538.8117,3386153.814
-491968.521,3385982.43
-486237.8621,3384784.925
-478366.33,3382721.727
-475016.1886,3382786.198
-511746.8097,3376601.096
-510123.2932,3376026.388
-497294.5881,3383581.436
-495954.0598,3383706.489
-494056.061,3383941.838
-492370.3151,3383572.355
-490690.3446,3383502.951
-483941.0741,3381622.044
-478447.408,3381018.047
-472688.3592,3380530.471
-475016.1886,3382786.198
-470743.6513,3381951.965
-463681.1161,3381169.306
-460422.1926,3380321.711
-453409.4151,3379191.514
-471794.4288,3379663.858
-465770.1282,3379031.503
-461621.9954,3378499.324
-452816.8976,3376260.852
-506330.3132,3345853.273
-505699.9551,3347822.734
-512897.2339,3376447.1
-514137.4408,3375220.624
-507419.7299,3345907.551
-506330.3132,3345853.273
-452816.8976,3376260.852
-444866.3705,3374455.797
-444038.4844,3375144.767
-453409.4151,3379191.514
-443726.6359,3376652.171
-444038.4844,3375144.767
-444866.3705,3374455.797
-450369.9248,3364139.968
-449830.7301,3361465.234
-442497.4363,3373139.593
-444038.4844,3375144.767
-442497.4363,3373139.593
-439468.6619,3372509.242
-422567.6535,3381094.302
-449618.5769,3360412.441
-450212.342,3357531.613
-449208.7694,3352431.112
-448895.9355,3348597.619
-449566.7435,3343467.617
-450426.2147,3339688.597
-469375.9525,3377318.259
-466815.4987,3376206.328
-459957.7226,3374115.931
-451919.8279,3361215.302
-449618.5769,3360412.441
-443493.447,3371555.851
-440552.4414,3368484.38
-435379.3935,3364577.45
-435267.1902,3362699.25
-435287.3012,3358487.168
-436295.0111,3353130.472
-436978.5822,3348529.331
-436201.265,3346960.116
-495477.3134,3505301.247
-502803.0938,3499058.078
-519174.3881,3494271.537
-548304.5769,3495655.256
-560340.9002,3499018.379
-439468.6619,3372509.242
-439074.9388,3370536.133
-432793.0209,3365367.501
-431851.1082,3364027.897
-431975.03,3361093.277
-432444.0036,3358829.996
-432883.5642,3354610.631
-434228.9174,3349398.198
-436201.265,3346960.116
-436201.265,3346960.116
-433234.3808,3346351.625
-427755.0155,3345628.331
-421940.0828,3344807.462
-419587.1961,3344137.551
-412495.834,3339615.576
-412574.6692,3337204.086
-412880.5473,3335090.513
-413831.8829,3331259.772
-414990.3612,3326319.482
-415303.8975,3324807.355
-436201.265,3346960.116
-433664.1376,3345241.076
-424493.2441,3343867.903
-421807.1303,3343303.397
-417870.34,3341048.727
-414939.8874,3338879.522
-414689.2923,3336874.164
-415109.1092,3334959.87
-416362.2751,3328813.492
-417216.1603,3326087.987
-415303.8975,3324807.355
-415303.8975,3324807.355
-414210.351,3325312.298
-411386.5082,3335939.327
-409530.5335,3337885.065
-407983.2101,3337905.517
-401780.2416,3334746.542
-399196.8109,3333272.396
-398726.7985,3331369.264
-398679.897,3327651.489
-398652.0041,3325440.468
-397969.5699,3324343.24
-415303.8975,3324807.355
-412795.7922,3324753.395
-410122.1083,3333130.722
-409810.5062,3334842.774
-408041.2243,3335971.191
-405799.3004,3335096.482
-400738.3546,3331745.72
-400249.0039,3328335.189
-400001.8494,3326428.614
-398652.0041,3325440.468
-397969.5699,3324343.24
-450426.2147,3339688.597
-448234.1824,3336797.894
-446578.6809,3330896.247
-445847.6885,3326988.107
-444827.3039,3325898.227
-448234.1824,3336797.894
-448457.4585,3329861.985
-448514.0553,3326443.906
-443095.9884,3322104.605
-443048.6793,3319088.59
-450426.2147,3339688.597
-450338.258,3335860.756
-450491.334,3331538.25
-450406.7495,3326313.574
-443048.6793,3319088.59
-450426.2147,3339688.597
-452141.9514,3337037.541
-452168.2961,3331813.093
-452291.2136,3325680.545
-449681.3905,3322806.459
-445615.0668,3319350.663
-443048.6793,3319088.59
-445615.0668,3319350.663
-453509.5454,3318421.633
-458973.3627,3318735.508
-459167.3887,3317022.525
-443572.3486,3316968.442
-443048.6793,3319088.59
-443572.3486,3316968.442
-440888.8173,3316305.439
-437006.0116,3310025.715
-435749.5649,3307931.096
-443572.3486,3316968.442
-441520.8855,3313982.093
-439448.4934,3309586.369
-437491.6562,3305388.636
-458973.3627,3318735.508
-458212.9641,3333222.9
-459449.4045,3333805.525
-460194.2496,3331683.37
-460645.632,3318808.648
-459167.3887,3317022.525
-459167.3887,3317022.525
-458561.624,3300829.536
-459308.084,3298903.978
-462293.8511,3297847.623
-464257.6206,3295599.011
-467629.257,3291210.2
-469024.9757,3288364.9
-454365.0673,3483715.273
-449148.7901,3474431.272
-435805.886,3471876.83
-460645.632,3318808.648
-461154.8031,3315984.012
-460895.8291,3300690.515
-463763.7365,3299233.141
-466069.7955,3297482.414
-467709.8782,3295843.157
-468675.4484,3293812.047
-469970.6922,3291573.452
-471048.562,3289640.457
-471364.2145,3288627.278
-445341.8722,3316975.339
-451012.4036,3301857.388
-453209.1708,3300110.558
-456303.4888,3298852.248
-458180.7186,3298016.016
-460062.831,3297481.594
-462038.8812,3295938.118
-464005.8726,3293890.676
-465732.5741,3290839.131
-467472.5423,3288592.798
-464803.4428,3288536.945
-463518.0465,3291380.005
-462433.8943,3293010.122
-461121.9979,3294341.525
-459690.1784,3295171.005
-458699.6029,3295791.638
-456259.9949,3296234.281
-454824.388,3296861.836
-452945.4742,3297597.053
-450639.4801,3299446.587
-449327.5352,3300877.133
-448694.1333,3303001.55
-443572.3486,3316968.442
-397969.5699,3324343.24
-400755.4478,3322020.715
-430170.4798,3305144.692
-430170.4798,3305144.692
-428460.8068,3302400.965
-429063.3487,3296098.088
-429546.7863,3291179.73
-428773.8368,3302903.453
-423346.3311,3304613.549
-408663.3699,3309281.094
-408663.3699,3309281.094
-406960.8475,3312070.781
-397417.484,3322377.086
-397969.5699,3324343.24
-396593.6508,3571188.753
-395422.0593,3572635.166
-406835.5513,3582913.004
-406835.5513,3582913.004
-406683.7406,3579952.357
-396593.6508,3571188.753
-471364.2145,3288627.278
-473305.7076,3283415.331
-470545.9368,3284470.922
-469024.9757,3288364.9
-467472.5423,3288592.798
-470291.8094,3282660.592
-473305.7076,3283415.331
-470291.8094,3282660.592
-467830.1651,3281694.245
-466249.3215,3286660.694
-464803.4428,3288536.945
-466816.5352,3284879.338
-461542.4554,3277866.757
-451944.0778,3264856.781
-451944.0778,3264856.781
-451250.4421,3266632.935
-452396.489,3268834.995
-458195.5011,3277014.111
-466249.3215,3286660.694
-451250.4421,3266632.935
-447588.3558,3266690.853
-441064.5413,3268305.856
-451944.0778,3264856.781
-446671.5586,3264888.325
-441808.2974,3266174.962
-441064.5413,3268305.856
-397969.5699,3324343.24
-394900.7664,3323684.034
-395139.3081,3322700.814
-372918.1637,3292539.949
-371657.7245,3291646.989
-370652.3991,3291204.539
-369565.3762,3290914.044
-368064.7505,3290930.207
-365563.7047,3290956.834
-359812.7918,3291167.729
-325793.3714,3281360.941
-325912.4543,3281020.316
-328543.7196,3280116.451
-332156.6725,3280464.321
-362095.1101,3288750.94
-371547.4754,3289154.183
-373361.8028,3289890.035
-375054.0211,3292138.428
-376458.9992,3293508.021
-397417.484,3322377.086
-373228.0035,3303132.751
-383731.1061,3291367.534
-381492.0032,3290008.041
-371821.7556,3301700.869
-383731.1061,3291367.534
-382442.061,3288044.462
-380396.1562,3285296.275
-368998.1887,3284604.211
-367949.2403,3283922.416
-367804.4555,3283110.222
-367413.4114,3281852.25
-368204.2734,3279612.526
-366720.6746,3279335.211
-366720.6746,3279335.211
-365343.4129,3280421.255
-365970.7162,3284337.885
-365743.5127,3285521.033
-366442.5866,3285954.622
-367490.2836,3286510.44
-368671.6384,3286560.763
-369784.2213,3286674.741
-377494.9047,3286715.345
-378264.5565,3287210.579
-379599.2051,3288518.173
-380583.1605,3289514.66
-381492.0032,3290008.041
-380740.5915,3294721.026
-366773.1634,3294995.013
-360648.9189,3291137.195
-382205.7539,3293078.388
-380591.1175,3292650.828
-367418.1055,3292872.518
-365907.8603,3291981.794
-362716.588,3289748.058
-342425.5417,3276562.474
-340165.0883,3275221.226
-337994.0969,3274559.689
-335738.7764,3273747.237
-334321.9573,3273608.2
-310999.7485,3272733.191
-449148.7901,3474431.272
-439094.2352,3479848.743
-360648.9189,3291137.195
-344880.9723,3281027.652
-338960.9201,3277249.353
-335732.8488,3276370.049
-332616.2138,3275489.091
-328505.4131,3275220.982
-310960.9316,3275255.553
-282730.6742,3293478.449
-281509.1299,3293787.256
-280061.1246,3293190.424
-239327.9355,3267133.483
-236774.2061,3266231.759
-233223.0786,3266038.523
-230782.003,3266144.949
-225566.7077,3266155.424
-224567.7604,3265753.468
-223901.5485,3265048.021
-223124.4512,3264342.699
-223012.8618,3263232.359
-222457.6114,3262223.639
-222124.2882,3261214.47
-221347.432,3260407.894
-220570.7867,3259904.19
-218352.0775,3258392.591
-206488.9766,3251838.54
-325912.4543,3281020.316
-322502.3756,3281144.131
-312230.5827,3279943.903
-271902.7315,3310801.516
-270734.577,3310957.95
-268063.7161,3311121.128
-264891.9004,3311286.025
-260048.9498,3311004.249
-255705.8275,3310266.311
-250026.878,3309229.81
-245684.1952,3308187.129
-328543.7196,3280116.451
-323744.472,3280430.92
-321423.4846,3278606.431
-311252.2437,3277321.242
-278046.4309,3302920.063
-269724.3426,3308698.329
-268056.0671,3309007.847
-265551.962,3309018.917
-262212.1841,3308731.147
-246514.3253,3306070.769
-245684.1952,3308187.129
-310999.7485,3272733.191
-294222.404,3283545.482
-282151.4311,3292030.718
-251086.4433,3271951.435
-240417.8072,3265323.681
-239085.0394,3264570.207
-235922.683,3264426.971
-232926.4381,3263979.864
-226769.2431,3264447.163
-224937.8069,3263390.536
-224187.9728,3261915.259
-223840.2681,3260275.009
-222799.69,3259014.457
-221412.7303,3257754.279
-219679.5699,3256746.903
-217322.8794,3255487.572
-208385.0424,3250697.916
-206488.9766,3251838.54
-245684.1952,3308187.129
-243825.1055,3305032.111
-230782.003,3266144.949
-246514.3253,3306070.769
-238361.2896,3280110.292
-233223.0786,3266038.523
-230782.003,3266144.949
-226818.702,3257302.927
-225708.5722,3255789.911
-217529.6626,3250246.193
-208385.0424,3250697.916
-233223.0786,3266038.523
-230286.5334,3259442.022
-228202.8783,3255153.755
-227647.792,3254397.213
-221825.1109,3250871.423
-218221.7843,3247845.08
-207277.4867,3248867.102
-206488.9766,3251838.54
-206488.9766,3251838.54
-201179.6207,3251270.212
-185255.7727,3245961.456
-173228.291,3237859.81
-168390.3496,3235576.289
-153997.931,3235038.931
-151372.632,3234020.132
-156497.6966,3232895.531
-168951.8291,3233048.142
-170609.812,3233936.129
-173373.803,3235331.305
-175583.6373,3237104.457
-185813.52,3244066.401
-202428.2278,3249375.048
-204505.089,3251268.812
-199608.9106,3248475.868
-160991.7167,3214809.832
-155715.482,3220874.044
-151372.632,3234020.132
-151767.9019,3232825.165
-150425.9898,3228958.18
-151552.8114,3224279.994
-153367.0181,3220361.586
-158509.1878,3213411.173
-148183.0501,3204769.27
-146952.1604,3202104.248
-149988.4855,3202493.61
-203814.3912,3248363.825
-204505.089,3251268.812
-146952.1604,3202104.248
-145901.9611,3197882.51
-144380.7452,3192602.83
-143943.0041,3191789.715
-143063.274,3191076.53
-141189.6856,3190461.301
-132029.6032,3190122.346
-126471.9636,3196591.755
-125589.1443,3196486.414
-126047.2512,3193749.575
-128827.4097,3190311.975
-131492.484,3187481.587
-136129.225,3187195.416
-142302.8916,3188537.057
-144065.9079,3189151.873
-146262.6679,3191492.831
-148653.0539,3200122.072
-146952.1604,3202104.248
-505938.8459,3431826.747
-497828.3813,3431876.895
-561671.4524,3495979.956
-554246.3715,3495027.035
-519519.6764,3492958.519
-501434.0422,3497964.298
-493143.2803,3503884.777
-560984.1501,3493759.93
-553974.2977,3492424.818
-519465.2353,3490351.046
-500537.3332,3495373.437
-491241.1428,3501927.431
-491241.1428,3501927.431
-473766.1765,3476280.086
-465091.0242,3438325.031
-449146.4458,3415935.392
-443493.447,3371555.851
-380142.8923,3320087.154
-385680.071,3293601.079
-489261.7637,3503029.262
-470908.1657,3477882.913
-461835.4709,3440934.366
-461516.807,3438695.622
-446437.1892,3417475.899
-440579.3166,3374174.848
-441002.217,3372828.489
-441002.217,3372828.489
-437946.0799,3371083.377
-396790.9643,3337475.696
-377517.9168,3321939.581
-382205.7539,3293078.388
-456623.8398,3315207.248
-454776.7008,3314633.498
-443931.0461,3304841.756
-440882.2895,3302019.219
-423768.6038,3295775.361
-385680.071,3293601.079
-383731.1061,3291367.534
-386854.9758,3291874.369
-421054.901,3292640.284
-421336.875,3289008.793
-456623.8398,3315207.248
-456249.733,3312798.815
-445404.3859,3303006.821
-441850.4612,3299889.845
-424071.742,3293655.563
-423837.5962,3288973.482
-423837.5962,3288973.482
-422843.7603,3277796.934
-423109.6588,3273102.637
-440626.7407,3253461.124
-438436.7141,3251675.889
-419603.9385,3272546.584
-421336.875,3289008.793
-206917.7286,3250223.058
-197533.8541,3241312.899
-156582.3357,3204512.058
-156163.8784,3198528.788
-146273.2584,3187746.679
-144512.2272,3186726.072
-142527.8005,3186313.452
-140100.5682,3186203.51
-134475.9662,3185573.502
-125540.4262,3185130.033
-117049.4823,3184277.695
-108998.6911,3183727.758
-107346.6841,3183312.476
-106359.6849,3182494.692
-105375.0445,3181372.205
-105382.538,3180356.844
-106414.6954,3144677.246
-105767.8449,3142841.154
-104795.6246,3140391.99
-104140.1275,3139777.212
-378997.2661,3663661.715
-384778.0887,3667112.089
-388438.5974,3669094.04
-390792.2966,3669066.271
-391635.1296,3667952.016
-393267.6168,3661305.292
-399025.8031,3659946.087
-378997.2661,3663661.715
-377769.8636,3671975.921
-376120.8879,3677880.706
-376176.3952,3703054.589
-376762.9603,3717728.027
-400000.9181,3738898.762
-376762.9603,3717728.027
-379288.5268,3732731.263
-363947.336,3724648.353
-357068.3241,3724167.357
-353195.257,3723471.638
-348896.2385,3723145.645
-342690.3827,3725952.167
-338842.6982,3728368.894
-338429.154,3730388.307
-335854.7416,3730960.237
-333298.379,3733913.359
-331380.4015,3736127.551
-329675.4767,3738156.298
-326257.5945,3741296.993
-480607.3965,3760217.169
-494639.5836,3750458.953
-506680.9712,3728079.753
-506680.9712,3728079.753
-488949.4505,3722353.587
-485264.5955,3720584.819
-482317.981,3723936.219
-485264.5955,3720584.819
-472414.9269,3710532.352
-479679.3679,3716219.275
-485535.6268,3711959.291
-529552.2385,3662239.726
-516288.3308,3662318.246
-516260.1761,3634824.043
-504777.0391,3642823.764
-374374.369,3594526.006
-345740.3837,3631211.169
-351827.4357,3623440.413
-381989.8451,3628255.152
-359822.9482,3613210.537
-349588.8131,3608091.544
-439465.8359,3548476.458
-439633.9689,3560159.223
-440775.3697,3565333.489
-442517.7719,3568087.609
-447099.4244,3575614.675
-394688.6722,3569894.336
-394001.6475,3545191.635
-444030.6543,3624480.663
-484580.3256,3601832.589
-504152.3724,3546640.748
-504328.294,3544288.204
-504328.294,3544288.204
-494294.6027,3552761.753
-488876.4471,3602964.481
-487782.5611,3599137.856
-506867.7488,3545547.29
-522782.3001,3588809.227
-529581.2284,3582946.568
-530587.5253,3577000.267
-529922.6052,3572469.025
-529668.6961,3565950.893
-530572.9856,3560593.001
-530485.3609,3556539.425
-529799.6177,3556256.632
-562379.5506,3501257.314
-573657.716,3506546.077
-584881.302,3512833.254
-589364.5306,3520265.382
-527669.5808,3545576.731
-525154.2066,3539424.823
-529629.0296,3537847.817
-505147.2747,3542787.524
-500053.3123,3536690.905
-507876.1857,3543441.226
-508017.6618,3539017.219
-497195.7875,3527825.477
-486844.9709,3535450.901
-510688.8269,3510337.83
-494943.7132,3506167.291
-505364.9243,3512300.318
-494269.3617,3507792.731
-525116.4469,3537073.157
-522954.6396,3529808.344
-519734.1214,3521579.187
-522640.9003,3508242.031
-533380.191,3500706.246
-534062.5879,3488516.359
-511007.9494,3487126.997
-501497.2674,3490724.709
-477464.3469,3502271.146
-472651.777,3493289.637
-472346.4154,3487953.131
-472651.777,3493289.637
-478350.7202,3492757.124
-522640.9003,3508242.031
-519174.3881,3494271.537
-555521.1278,3501188.134
-547234.1575,3499726.119
-538064.115,3502155.394
-575696.8847,3476862.938
-570198.1768,3469676.827
-568593.1403,3445358.932
-571436.0716,3440956.121
-567635.3491,3437153.727
-565060.1498,3421193.534
-557995.9974,3393261.424
-553885.8635,3393180.886
-547550.3178,3391631.23
-545203.3585,3389993.339
-543054.0595,3387787.673
-537185.158,3380835.232
-537185.158,3380835.232
-536549.6348,3387925.921
-535496.3935,3387760.388
-526253.0738,3466185.875
-511156.9333,3460697.963
-509635.4718,3458486.493
-495082.9738,3425667.774
-508787.9339,3437384.032
-500197.0002,3437227.227
-449148.7901,3474431.272
-457491.6554,3471803.599
-463921.7351,3465926.102
-464174.4064,3460943.52
-461558.809,3452618.897
-429060.1524,3459991.586
-407023.0703,3478009.282
-463289.5053,3458128.754
-475039.9482,3458270.668
-472996.2423,3450833.419
-461645.9911,3451122.746
-461558.809,3452618.897
-461645.9911,3451122.746
-459026.3565,3441748.115
-452271.7126,3448482.908
-459055.6255,3441797.284
-465016.8743,3431322.254
-466735.2929,3426802.369
-467222.1327,3422501.251
-500203.2662,3416322.752
-495142.2353,3415617.805
-493321.6017,3414252.662
-492061.8052,3412876.946
-491011.2814,3410697.744
-488683.2925,3406142.327
-485662.5819,3400303.475
-500057.9177,3414627.173
-496460.6634,3414194.747
-494871.9474,3413225.009
-494058.536,3411741.181
-492443.6119,3409372.394
-485662.5819,3400303.475
-499188.2971,3404549.414
-486634.1659,3399899.213
-510174.6171,3393638.374
-504284.1703,3384644.184
-509460.2413,3380124.834
-504284.1703,3384644.184
-496221.262,3390201.023
-496221.262,3390201.023
-489338.5386,3393329.262
-481054.4015,3393477.39
-468056.1233,3393000.91
-460171.1548,3390229.774
-466154.8127,3399634.956
-469377.9033,3404580.461
-481054.4015,3393477.39
-475804.4463,3387965.073
-383828.0858,3366342.583
-390719.6716,3358615.367
-396871.6042,3325781.551
-343031.1934,3229594.083
-339740.2634,3233064.093
-333026.0917,3224420.05
-336954.6029,3217905.889
-339740.2634,3233064.093
-352357.8943,3232541.051
-354299.9295,3227260.115
-325912.4543,3281020.316
-324503.1473,3267953.485
-320908.9309,3262127.085
-320607.4463,3257420.466
-317822.6223,3253652.441
-313967.2651,3252887.924
-303301.9063,3249325.413
-297074.2554,3245727.5
-292624.3953,3242520.046
-288833.7875,3237891.008
-321423.4846,3278606.431
-313965.1064,3276106.266
-284739.6153,3295044.088
-281659.0136,3296118.557
-273477.6806,3294044.707
-271413.1702,3318753.843
-258884.7721,3318996.516
-253241.3031,3316943.246
-245684.1952,3308187.129
-235059.7383,3304356.277
-228040.2088,3298989.794
-214409.659,3260722.824
-206488.9766,3251838.54
-183650.8048,3250500.726
-179070.745,3253717.164
-189029.079,3268763.351
-179070.745,3253717.164
-168029.207,3261276.876
-162486.4777,3262956.792
-157823.3468,3265041.954
-150747.7019,3265591.37
-143262.8894,3264622.053
-81985.47141,3277359.069
-80356.67171,3273375.082
-78093.81466,3270520.553
-77080.21257,3267674.454
-76493.84808,3263695.099
-76108.52661,3260473.569
-77798.93134,3257645.57
-78454.60409,3254240.985
-78470.55536,3252536.094
-82021.18656,3250667.125
-88666.66724,3245234.673
-98385.58133,3246376.626
-183650.8048,3250500.726
-171448.5872,3230198.851
-146853.1088,3208115.127
-146952.1604,3202104.248
-150425.9898,3228958.18
-146592.5493,3219701.395
-151867.3357,3212628.547
-146952.1604,3202104.248
-142703.1645,3209241.796
-131492.484,3187481.587
-115704.7716,3186878.788
-106406.1917,3185115.859
-95518.5888,3185090.713
-96778.77773,3172737.038
-110572.1943,3151602.032
-403291.5587,3151063.817
-396414.4744,3146000.614
-406155.0121,3180183.107
-415940.0218,3184619.416
-411230.3935,3188299.32
-415940.0218,3184619.416
-418264.1626,3188012.523
-419780.2382,3192747.416
-419939.2788,3203963.441
-423101.6413,3207719.594
-427528.8499,3212785.577
-435023.5121,3214764.457
-438159.8359,3216426.432
-452953.7024,3220562.417
-459824.0133,3221969.137
-467920.5335,3222213.008
-476010.5552,3222073.225
-483045.7661,3220999.138
-494303.6627,3213006.97
-475635.8232,3189772.758
-469646.5965,3155400.579
-450013.6302,3129386.502
-444683.9137,3118386.384
-455791.3704,3129675.038
-70630.18051,3133309.251
-56650.68993,3129561.561
-36465.1172,3128414.01
-17913.47783,3128596.798
5256.15374,3120480.37
-434148.4773,3384954.586
-440947.1081,3376903.927
-482121.2172,3316290.083
-458973.3627,3318735.508
-468142.3575,3329100.554
-460509.5934,3322693.968
-435628.2361,3386936.965
-441337.6044,3379799.949
-435628.2361,3386936.965
-433115.6012,3383570.319
-441002.217,3372828.489
-506680.9712,3728079.753
-513730.872,3712291.421
-512911.8142,3703681.295
-519665.543,3677641.556
-525500.407,3669983.504
-529552.2385,3662239.726
-520649.0936,3652955.672
-520155.1552,3643378.903
-516260.1761,3634824.043
